PCR7 -- 
1:d4 fd d1 f1 4d 40 41 49 4d eb 8f c9 90 c4 53 43 d2 27 7d 08
2:(96 14 ae 51 0c 24 bd e6 cf 8d fc 36 db c9 b2 15 16 a2 cc 88)
3:13 f0 2f bc 73 83 ed 7c 89 01 7e 0b 32 f6 0e 38 e2 82 05 6c
3:a2 33 ad bc 63 e3 fd c5 f7 36 93 a3 cc 4a 27 04 17 14 38 3f
5:(75 22 ce 54 35 91 5d 68 99 d3 79 f4 9d ae b0 d6 d6 82 54 90)
6:90 69 ca 78 e7 45 0a 28 51 73 43 1b 3e 52 c5 c2 52 99 e4 73
7:9f c7 13 b7 24 8d 99 a1 a0 db 3d 50 c1 4e b9 b4 ff 27 07 21

These are the PCR7 extensions I've seen with Bitleaker booting
Windows as well as direct TPM monitoring.

# PCR Extend PCR7
80 02 00 00 00 35 00 00 01 82 00 00 00 07 00 00 00 09 40 00 00 09 00 00 00 00 00 00 00 00 01 00 04 d4 fd d1 f1 4d 40 41 49 4d eb 8f c9 90 c4 53 43 d2 27 7d 08
80 02 00 00 00 13 00 00 00 00 00 00 00 00 00 00 01 00 00 
# PCR Extend PCR7
80 02 00 00 00 35 00 00 01 82 00 00 00 07 00 00 00 09 40 00 00 09 00 00 00 00 00 00 00 00 01 00 04 c0 f2 b2 f9 78 25 96 36 9b 4f c9 8b 92 7a 06 e1 41 8b 3f 56
80 02 00 00 00 13 00 00 00 00 00 00 00 00 00 00 01 00 00 
# PCR Extend PCR7
80 02 00 00 00 35 00 00 01 82 00 00 00 07 00 00 00 09 40 00 00 09 00 00 00 00 00 00 00 00 01 00 04 13 f0 2f bc 73 83 ed 7c 89 01 7e 0b 32 f6 0e 38 e2 82 05 6c
80 02 00 00 00 13 00 00 00 00 00 00 00 00 00 00 01 00 00 
# PCR Extend PCR7
80 02 00 00 00 35 00 00 01 82 00 00 00 07 00 00 00 09 40 00 00 09 00 00 00 00 00 00 00 00 01 00 04 a2 33 ad bc 63 e3 fd c5 f7 36 93 a3 cc 4a 27 04 17 14 38 3f
80 02 00 00 00 13 00 00 00 00 00 00 00 00 00 00 01 00 00
# PCR Extend PCR7
80 02 00 00 00 35 00 00 01 82 00 00 00 07 00 00 00 09 40 00 00 09 00 00 00 00 00 00 00 00 01 00 04 c9 56 12 85 a0 15 50 f3 01 f9 60 21 21 81 88 00 0a f2 d7 2f 
80 02 00 00 00 13 00 00 00 00 00 00 00 00 00 00 01 00 00
# PCR Extend PCR0
80 02 00 00 00 35 00 00 01 82 00 00 00 00 00 00 00 09 40 00 00 09 00 00 00 00 00 00 00 00 01 00 04 90 69 ca 78 e7 45 0a 28 51 73 43 1b 3e 52 c5 c2 52 99 e4 73
80 02 00 00 00 13 00 00 00 00 00 00 00 00 00 00 01 00 00 
# PCR Extend PCR1
80 02 00 00 00 35 00 00 01 82 00 00 00 01 00 00 00 09 40 00 00 09 00 00 00 00 00 00 00 00 01 00 04 90 69 ca 78 e7 45 0a 28 51 73 43 1b 3e 52 c5 c2 52 99 e4 73
80 02 00 00 00 13 00 00 00 00 00 00 00 00 00 00 01 00 00 
# PCR Extend PCR2
80 02 00 00 00 35 00 00 01 82 00 00 00 02 00 00 00 09 40 00 00 09 00 00 00 00 00 00 00 00 01 00 04 90 69 ca 78 e7 45 0a 28 51 73 43 1b 3e 52 c5 c2 52 99 e4 73
80 02 00 00 00 13 00 00 00 00 00 00 00 00 00 00 01 00 00
# PCR Extend PCR3
80 02 00 00 00 35 00 00 01 82 00 00 00 03 00 00 00 09 40 00 00 09 00 00 00 00 00 00 00 00 01 00 04 90 69 ca 78 e7 45 0a 28 51 73 43 1b 3e 52 c5 c2 52 99 e4 73
80 02 00 00 00 13 00 00 00 00 00 00 00 00 00 00 01 00 00 
# PCR Extend PCR4
80 02 00 00 00 35 00 00 01 82 00 00 00 04 00 00 00 09 40 00 00 09 00 00 00 00 00 00 00 00 01 00 04 90 69 ca 78 e7 45 0a 28 51 73 43 1b 3e 52 c5 c2 52 99 e4 73
80 02 00 00 00 13 00 00 00 00 00 00 00 00 00 00 01 00 00 
# PCR Extend PCR5
80 02 00 00 00 35 00 00 01 82 00 00 00 05 00 00 00 09 40 00 00 09 00 00 00 00 00 00 00 00 01 00 04 90 69 ca 78 e7 45 0a 28 51 73 43 1b 3e 52 c5 c2 52 99 e4 73
80 02 00 00 00 13 00 00 00 00 00 00 00 00 00 00 01 00 00
# PCR Extend PCR6
80 02 00 00 00 35 00 00 01 82 00 00 00 06 00 00 00 09 40 00 00 09 00 00 00 00 00 00 00 00 01 00 04 90 69 ca 78 e7 45 0a 28 51 73 43 1b 3e 52 c5 c2 52 99 e4 73
80 02 00 00 00 13 00 00 00 00 00 00 00 00 00 00 01 00 00 
# PCR Extend PCR7
80 02 00 00 00 35 00 00 01 82 00 00 00 07 00 00 00 09 40 00 00 09 00 00 00 00 00 00 00 00 01 00 04 90 69 ca 78 e7 45 0a 28 51 73 43 1b 3e 52 c5 c2 52 99 e4 73 
80 02 00 00 00 13 00 00 00 00 00 00 00 00 00 00 01 00 00 
# PCR Extend PCR5
80 02 00 00 00 35 00 00 01 82 00 00 00 05 00 00 00 09 40 00 00 09 00 00 00 00 00 00 00 00 01 00 04 f3 9b d6 03 91 7e ee 29 d5 27 6b 7e a2 4a fe 1a 18 96 95 7c 
80 02 00 00 00 13 00 00 00 00 00 00 00 00 00 00 01 00 00 
# PCR Extend PCR4
80 02 00 00 00 35 00 00 01 82 00 00 00 04 00 00 00 09 40 00 00 09 00 00 00 00 00 00 00 00 01 00 04 3f 62 30 2d 8c 03 6c 7d 2d 4a e6 a4 7f c8 43 90 28 87 18 08 
80 02 00 00 00 13 00 00 00 00 00 00 00 00 00 00 01 00 00 
# PCR Extend PCR7
80 02 00 00 00 35 00 00 01 82 00 00 00 07 00 00 00 09 40 00 00 09 00 00 00 00 00 00 00 00 01 00 04 9f c7 13 b7 24 8d 99 a1 a0 db 3d 50 c1 4e b9 b4 ff 27 07 21 
80 02 00 00 00 13 00 00 00 00 00 00 00 00 00 00 01 00 00 
# TPM Get Compatibility
80 01 00 00 00 16 00 00 01 7a 00 00 00 02 00 00 01 82 00 00 00 01 
80 01 00 00 00 17 00 00 00 00 01 00 00 00 02 00 00 00 01 02 40 01 82 
# PCR Read PCR8
80 01 00 00 00 14 00 00 01 7e 00 00 00 01 00 04 03 00 08 00 
80 01 00 00 00 32 00 00 00 00 00 00 00 11 00 00 00 01 00 04 03 00 08 00 00 00 00 01 00 14 00 00 00 00 00 00 00 00 00 00 00 00 00 00 00 00 00 00 00 00 
# NV_Read
80 02 00 00 00 23 00 00 01 4e 01 41 00 01 01 41 00 01 00 00 00 09 40 00 00 09 00 00 00 00 00 00 08 00 00 
80 02 00 00 00 1d 00 00 00 00 00 00 00 0a 00 08 00 00 00 00 00 00 1a 06 00 00 01 00 00 
# NV_Increment
80 02 00 00 00 1f 00 00 01 34 01 41 00 01 01 41 00 01 00 00 00 09 40 00 00 09 00 00 00 00 00 
80 02 00 00 00 13 00 00 00 00 00 00 00 00 00 00 01 00 00 
# NV_Read
80 02 00 00 00 23 00 00 01 4e 01 41 00 01 01 41 00 01 00 00 00 09 40 00 00 09 00 00 00 00 00 00 08 00 00 
80 02 00 00 00 1d 00 00 00 00 00 00 00 0a 00 08 00 00 00 00 00 00 1a 07 00 00 01 00 00 
# ReadClock
80 01 00 00 00 0a 00 00 01 81 
80 01 00 00 00 23 00 00 00 00 00 00 00 00 00 00 6a 19 00 00 00 00 5a 61 77 28 00 00 00 95 00 00 00 04 01 
# NV_Read
80 02 00 00 00 23 00 00 01 4e 01 41 00 01 01 41 00 01 00 00 00 09 40 00 00 09 00 00 00 00 00 00 08 00 00 
80 02 00 00 00 1d 00 00 00 00 00 00 00 0a 00 08 00 00 00 00 00 00 1a 07 00 00 01 00 00 
# NV_Increment
80 02 00 00 00 1f 00 00 01 34 01 41 00 01 01 41 00 01 00 00 00 09 40 00 00 09 00 00 00 00 00
80 02 00 00 00 13 00 00 00 00 00 00 00 00 00 00 01 00 00
# NV_Read
80 02 00 00 00 23 00 00 01 4e 01 41 00 01 01 41 00 01 00 00 00 09 40 00 00 09 00 00 00 00 00 00 08 00 00 
80 02 00 00 00 1d 00 00 00 00 00 00 00 0a 00 08 00 00 00 00 00 00 1a 08 00 00 01 00 00 
# ReadClock
80 01 00 00 00 0a 00 00 01 81
80 01 00 00 00 23 00 00 00 00 00 00 00 00 00 00 6a 2b 00 00 00 00 5a 61 77 3a 00 00 00 95 00 00 00 04 01 
# ReadPublic
80 01 00 00 00 0e 00 00 01 73 81 00 00 01 
80 01 00 00 01 6e 00 00 00 00 01 1a 00 01 00 0b 00 03 04 72 00 00 00 06 00 80 00 43 00 10 08 00 00 00 00 00 01 00 cb eb 07 8f a3 9d 09 57 1c 13 a3 92 d6 9d d6 f1 53 81 69 e3 9b d1 31 a1 08 3b 91 84 d8 63 ba fe 24 56 3d 4b 33 54 5d 8f 2e 13 76 06 52 34 ee d5 27 94 ed 74 fa 91 bd cb 15 3c 36 23 46 44 0a f1 4c 54 0c c4 f6 76 b7 f8 4c c8 ea bd 73 50 91 fa cc 0b 68 17 2e bb f8 0a c3 19 71 61 fb 33 05 ed d2 80 0a 83 84 6e f8 6d e9 ab 69 ef 65 f3 8d 81 13 a7 b5 a7 db 6c af 10 46 11 1b 32 3a 30 b5 da e1 a5 77 05 ad 02 bc 15 71 c8 ed 95 6b 6b cd 40 87 24 9b b2 76 4c 95 f9 79 df ce ad 49 7e 61 2d bb 1c 7c fe 8d 48 14 7a 11 dd 22 30 c9 5e ef 88 1c 0a e9 fd 16 33 31 d6 c4 0a b6 27 c3 5b 02 e3 a7 ec 97 cd 98 ae 61 1d 29 1a 75 12 7d 00 b4 60 1d 11 1b be 89 fb 48 e5 6f 61 d6 e7 41 21 ea 81 d1 c0 e0 af fd 27 9b dc da 40 a5 93 d0 75 18 37 5a 43 8a d7 56 00 c7 22 b3 3b 14 11 ee 1f df ab 00 22 00 0b 2e ff 15 35 80 1a 6e e8 34 e0 06 e9 d5 b0 32 c4 73 2a bc 1f 09 8e f6 bf 5a 52 1f 79 cf 29 55 c4 00 22 00 0b 82 27 8f 29 cd d1 25 a8 b3 93 c5 fa a1 19 5b ba 3e 56 32 0b 34 92 ca 45 59 25 30 e9 47 f9 73 dd 
# Load
80 02 00 00 00 d3 00 00 01 57 81 00 00 01 00 00 00 09 40 00 00 09 00 00 00 00 00 00 7e 00 20 0d e4 0d 04 a8 de 2e b0 16 de 5e 72 60 69 12 de 45 39 85 36 ef 0d 04 b5 47 90 f5 fc da fd c5 ff 00 10 1c 32 ab 97 ac 82 c5 7f 38 85 14 f6 37 a7 55 90 55 d0 83 1b 63 28 95 aa 97 6d ec 54 ad 4d 04 5c c5 a3 1b 92 59 2c d4 11 f2 f4 46 c0 59 74 b8 15 ae b7 a0 87 2e 3b 77 ca 39 e3 19 dc fb e6 5a d4 2e 1a 7c 18 7f 18 87 cd 44 76 15 bc 36 2f e0 da 16 8a 08 fa 50 ae 17 16 8a 6a 00 36 00 08 00 04 00 00 04 12 00 14 af f9 b0 88 16 76 60 61 9b a4 05 38 27 b2 25 c7 a1 9f 62 55 00 10 00 14 6e 1c a2 28 1d d3 df 52 fa 5d c4 46 09 d8 11 6a b9 71 98 4f 
80 02 00 00 00 2f 00 00 00 00 80 00 00 01 00 00 00 18 00 16 00 04 b2 06 a7 5f e0 f0 7c bd b6 83 03 ff aa 59 7a 3a 17 fc b7 af 00 00 01 00 00 
# GetRandom
80 01 00 00 00 0c 00 00 01 7b 00 14 
80 01 00 00 00 20 00 00 00 00 00 14 0d 84 cc 4b c4 f9 2d 60 42 31 5e 3b 73 73 9f 53 9a f5 00 c8 
# StartAuthSession
80 01 00 00 00 2f 00 00 01 76 40 00 00 07 40 00 00 07 00 14 0d 84 cc 4b c4 f9 2d 60 42 31 5e 3b 73 73 9f 53 9a f5 00 c8 00 00 01 00 10 00 04 
80 01 00 00 00 24 00 00 00 00 03 00 00 00 00 14 da 41 e0 b2 61 db c1 a5 54 92 17 7d d7 90 c9 ae c1 a2 3b cb 
# GetRandom
80 01 00 00 00 0c 00 00 01 7b 00 14 
80 01 00 00 00 20 00 00 00 00 00 14 66 f9 f5 3a 9d 37 50 9b 0b 46 c3 b6 e5 fd 26 c0 02 ca 71 1e 
# PolicyAuthValue
80 01 00 00 00 0e 00 00 01 6b 03 00 00 00 
80 01 00 00 00 0a 00 00 00 00 
# PolicyPCR
80 01 00 00 00 2e 00 00 01 7f 03 00 00 00 00 14 ab 23 3f 3c 2e cb 87 0a 34 44 e1 d9 27 12 b8 df 00 f2 17 13 00 00 00 01 00 04 03 80 08 00 
80 01 00 00 00 0a 00 00 00 00 
# Unseal
80 02 00 00 00 43 00 00 01 5e 80 00 00 01 00 00 00 31 03 00 00 00 00 14 66 f9 f5 3a 9d 37 50 9b 0b 46 c3 b6 e5 fd 26 c0 02 ca 71 1e 00 00 14 3d 4c c8 c8 1f 08 e0 d0 eb 4e 23 31 83 a7 ce a5 a5 c6 e3 4e 
############################################### KEY RETURNED HERE ###########################################
80 02 00 00 00 69 00 00 00 00 00 00 00 2e 00 2c 2c 00 05 00 01 00 00 00 03 20 00 00 9b d8 4e 9c 2c 32 e7 be 1c 3d 11 31 e6 bb 87 90 1b 01 b4 e5 21 17 a6 ff df 72 fa f4 a9 9d 81 be 00 14 7f 45 e9 14 f6 13 f7 2b 68 5f c3 03 b4 d9 e4 22 5e a6 37 8c 00 00 14 c6 26 c0 24 05 c4 53 80 be 67 5c 26 b0 41 54 e1 9a fe 64 7f 
############################################### KEY RETURNED HERE ###########################################
80 01 00 00 00 0e 00 00 01 65 80 00 00 01 
80 01 00 00 00 0a 00 00 00 00 
80 01 00 00 00 14 00 00 01 7e 00 00 00 01 00 04 03 00 08 00 
80 01 00 00 00 32 00 00 00 00 00 00 00 11 00 00 00 01 00 04 03 00 08 00 00 00 00 01 00 14 00 00 00 00 00 00 00 00 00 00 00 00 00 00 00 00 00 00 00 00 
80 02 00 00 00 35 00 00 01 82 00 00 00 0b 00 00 00 09 40 00 00 09 00 00 00 00 00 00 00 00 01 00 04 90 69 ca 78 e7 45 0a 28 51 73 43 1b 3e 52 c5 c2 52 99 e4 73 
80 02 00 00 00 13 00 00 00 00 00 00 00 00 00 00 01 00 00 
80 02 00 00 00 35 00 00 01 82 00 00 00 0c 00 00 00 09 40 00 00 09 00 00 00 00 00 00 00 00 01 00 04 ef c8 33 43 17 d0 5e 7e 7d 56 62 a7 bf fb 61 cc cb 83 0f 73 
80 02 00 00 00 13 00 00 00 00 00 00 00 00 00 00 01 00 00 
80 02 00 00 00 35 00 00 01 82 00 00 00 0d 00 00 00 09 40 00 00 09 00 00 00 00 00 00 00 00 01 00 04 17 91 eb 51 a8 0b fd 1d 2e 1a 7c bd 78 12 18 d8 c4 9c 5c 6a 
80 02 00 00 00 13 00 00 00 00 00 00 00 00 00 00 01 00 00 
80 02 00 00 00 35 00 00 01 82 00 00 00 0e 00 00 00 09 40 00 00 09 00 00 00 00 00 00 00 00 01 00 04 01 fd 60 a7 19 34 34 b2 5e e8 87 08 27 fd 43 6b 12 5a a0 3d 
80 02 00 00 00 13 00 00 00 00 00 00 00 00 00 00 01 00 00 
80 01 00 00 00 16 00 00 01 7a 00 00 00 02 00 00 01 82 00 00 00 01 
80 01 00 00 00 17 00 00 00 00 01 00 00 00 02 00 00 00 01 02 40 01 82 
80 01 00 00 00 14 00 00 01 7e 00 00 00 01 00 04 03 00 08 00 
80 01 00 00 00 32 00 00 00 00 00 00 00 15 00 00 00 01 00 04 03 00 08 00 00 00 00 01 00 14 b2 a8 3b 0e bf 2f 83 74 29 9a 5b 2b df c3 1e a9 55 ad 72 36 
80 02 00 00 00 35 00 00 01 82 00 00 00 0c 00 00 00 09 40 00 00 09 00 00 00 00 00 00 00 00 01 00 04 9c 68 02 44 2a cf c9 37 57 b2 4e 1f 9d 5d d3 a7 bd c8 c0 4c 
80 02 00 00 00 13 00 00 00 00 00 00 00 00 00 00 01 00 00 
80 02 00 00 00 35 00 00 01 82 00 00 00 0d 00 00 00 09 40 00 00 09 00 00 00 00 00 00 00 00 01 00 04 bf f0 b4 0c 7b a9 79 69 14 31 93 c5 eb 89 c1 f8 bc 24 c3 c1 
80 02 00 00 00 13 00 00 00 00 00 00 00 00 00 00 01 00 00 
80 02 00 00 00 35 00 00 01 82 00 00 00 0e 00 00 00 09 40 00 00 09 00 00 00 00 00 00 00 00 01 00 04 01 fd 60 a7 19 34 34 b2 5e e8 87 08 27 fd 43 6b 12 5a a0 3d 
80 02 00 00 00 13 00 00 00 00 00 00 00 00 00 00 01 00 00 
80 02 00 00 00 35 00 00 01 82 00 00 00 0c 00 00 00 09 40 00 00 09 00 00 00 00 00 00 00 00 01 00 04 9d 7f 49 93 88 da a8 e7 d7 f1 e3 99 61 6e 39 e5 89 1d 39 9d 
80 02 00 00 00 13 00 00 00 00 00 00 00 00 00 00 01 00 00 
80 02 00 00 00 35 00 00 01 82 00 00 00 0d 00 00 00 09 40 00 00 09 00 00 00 00 00 00 00 00 01 00 04 9d 7f 49 93 88 da a8 e7 d7 f1 e3 99 61 6e 39 e5 89 1d 39 9d 
80 02 00 00 00 13 00 00 00 00 00 00 00 00 00 00 01 00 00 
80 02 00 00 00 35 00 00 01 82 00 00 00 0e 00 00 00 09 40 00 00 09 00 00 00 00 00 00 00 00 01 00 04 9d 7f 49 93 88 da a8 e7 d7 f1 e3 99 61 6e 39 e5 89 1d 39 9d 
80 02 00 00 00 13 00 00 00 00 00 00 00 00 00 00 01 00 00

